12,6
12,5
12,4
12,3
12,2
12,1
12,0
11,5
11,4
11,3
11,2
11,1
11,0
10,4
10,3
10,2
10,1
10,0
9,5
9,4
9,3
9,2
9,1
9,0
8,5
8,4
8,3
8,2
8,1
8,0
7,14
7,13
7,12
7,11
7,10
7,9
7,8
7,7
7,6
7,5
7,4
7,3
7,2
7,1
7,0
6,6
6,5
6,4
6,3
6,2
6,1
6,0
5,6
5,5
5,4
5,3
5,2
5,1
5,0
4,3
4,2
4,1
4,0
3,6
3,5
3,4
3,3
3,2
3,1
3,0
2,13
2,12
2,11
2,10
2,9
2,8
2,5
2,4
2,2
1,2
0,447
0,445
0,444
0,443
0,439
0,435
14,197
0,408
0,386
14,1
0,382
2,7
14,67
0,379
0,377
14,3
0,370
0,355
14,0
0,336
1,1
0,329
1,3
0,322
0,313
1,0
0,243
2,1
2,6
2,3
2,0
0,9
0,310
0,305
0,308
0,304
0,303
0,302
0,307
0,12
0,438
0,10
0,8
0,0
0,363
0,300
0,388
0,299
0,331
0,298
0,328
0,297
0,419
0,296
0,403
0,295
0,367
0,294
0,293
0,442
0,292
0,425
0,291
0,290
0,320
0,289
0,429
0,288
0,319
0,287
0,440
0,286
0,327
0,285
0,330
0,284
0,361
0,283
0,341
0,282
0,365
0,281
0,415
0,280
0,398
0,279
0,339
0,278
0,412
0,277
0,409
0,276
0,318
12,7
12,8
12,10
13,0
13,2
13,3
14,2
14,5
14,6
14,8
14,9
14,11
14,13
14,14
14,16
14,17
14,19
14,20
14,22
14,24
14,25
14,27
14,28
14,30
14,32
14,33
14,35
14,36
14,38
14,39
14,64
14,66
14,68
14,70
14,71
14,73
14,75
14,76
14,78
14,79
14,81
14,82
14,84
14,86
14,87
14,89
14,90
14,92
14,94
14,95
14,97
14,98
14,100
14,102
14,103
14,105
14,106
14,108
14,109
14,111
14,113
14,114
14,116
14,117
14,119
14,121
14,122
14,124
14,125
14,127
14,128
14,130
14,132
14,133
14,135
14,136
14,138
14,140
14,141
14,143
14,144
14,146
14,147
14,149
14,151
14,152
14,154
14,155
14,157
14,159
14,160
14,162
14,163
14,165
14,167
14,168
14,170
14,171
14,173
14,174
14,176
14,178
14,179
14,181
14,182
14,184
14,186
14,187
14,189
14,190
14,192
14,193
14,195
14,198
14,199
14,201
14,202
14,204
14,206
14,207
14,209
14,210
14,212
14,213
14,215
14,217
14,218
14,220
14,221
14,223
14,225
14,226
14,228
14,229
14,231
14,232
14,234
14,236
14,237
14,239
14,240
14,242
14,244
14,245
14,247
14,248
14,250
15,1
15,2
15,4
15,5
15,7
15,8
15,10
15,12
15,13
15,15
15,16
15,18
15,20
15,21
15,23
15,24
15,26
15,27
15,29
15,31
15,32
15,34
15,35
15,37
15,39
15,40
15,42
15,43
15,45
15,46
15,48
15,50
15,51
15,53
15,54
15,65
15,67
15,68
15,70
15,71
15,73
15,75
15,76
15,78
15,79
15,81
15,82
15,84
15,86
15,87
15,89
15,90
15,92
15,94
15,95
15,97
15,98
15,100
15,101
15,103
15,105
15,106
15,108
15,109
15,111
15,113
15,114
15,116
15,117
15,119
15,120
15,122
15,124
15,125
15,127
15,128
15,130
15,132
15,133
15,135
15,136
15,138
15,139
15,141
15,143
15,144
15,146
15,147
15,149
15,151
15,152
15,154
15,155
15,157
15,159
15,160
15,162
15,163
15,165
15,166
15,168
15,170
15,171
15,173
15,174
15,176
15,178
15,179
15,181
15,182
15,184
15,185
15,187
15,189
15,190
15,192
15,193
15,195
15,197
15,198
15,200
15,201
15,203
15,204
15,206
15,208
15,209
15,211
15,212
15,214
15,216
15,217
15,219
15,220
15,222
15,224
15,225
15,227
15,228
15,230
15,231
15,233
15,235
15,236
15,238
15,239
15,241
15,243
15,244
15,246
15,247
15,256
15,257
15,259
15,261
15,262
15,264
15,265
15,267
15,269
15,270
15,272
15,273
15,275
15,276
15,278
15,280
16,0
16,2
16,3
16,5
16,7
16,8
16,10
16,11
16,13
16,15
18,0
18,2
18,3
19,0
19,1
19,3
20,0
20,1
20,3
20,4
21,0
21,2
21,3
22,0
22,1
22,3
22,4
22,6
23,0
23,1
23,3
23,4
24,1
24,3
24,4
25,0
25,1
25,3
25,4
25,6
26,0
26,1
26,3
26,4
27,0
27,2
27,3
28,1
28,2
28,4
28,5
29,1
29,3
30,0
30,2
30,3
31,0
31,2
31,3
31,5
32,0
32,2
32,4
33,0
33,2
33,3
35,0
35,1
35,3
35,5
35,6
35,8
35,9
36,1
36,3
36,4
43,0
43,1
43,3
44,0
44,2
45,0
45,1
45,3
46,0
46,2
46,4
46,5
46,7
46,8
46,10
47,0
47,2
48,0
48,1
48,3
49,0
49,2
49,4
50,0
50,2
50,3
51,1
51,3
52,0
52,2
52,3
53,1
53,2
53,3
53,0
52,1
51,2
51,0
50,1
49,3
49,1
48,2
47,3
47,1
46,9
46,6
46,3
46,1
45,2
44,3
44,1
43,2
36,5
36,2
36,0
35,7
35,4
35,2
33,4
33,1
32,3
32,1
31,4
31,1
30,4
30,1
29,2
29,0
28,3
28,0
27,1
26,5
26,2
25,7
25,5
25,2
24,5
24,2
24,0
23,2
22,7
22,5
22,2
21,4
21,1
20,5
20,2
19,4
19,2
18,4
18,1
16,14
16,12
16,9
16,6
16,4
16,1
15,279
15,277
15,274
15,271
15,268
15,266
15,263
15,260
15,258
15,248
15,245
15,242
15,240
15,237
15,234
15,232
15,229
15,226
15,223
15,221
15,218
15,215
15,213
15,210
15,207
15,205
15,202
15,199
15,196
15,194
15,191
15,188
15,186
15,183
15,180
15,177
15,175
15,172
15,169
15,167
15,164
15,161
15,158
15,156
15,153
15,150
15,148
15,145
15,142
15,140
15,137
15,134
15,131
15,129
15,126
15,123
15,121
15,118
15,115
15,112
15,110
15,107
15,104
15,102
15,99
15,96
15,93
15,91
15,88
15,85
15,83
15,80
15,77
15,74
15,72
15,69
15,66
15,64
15,52
15,49
15,47
15,44
15,41
15,38
15,36
15,33
15,30
15,28
15,25
15,22
15,19
15,17
15,14
15,11
15,9
15,6
15,3
15,0
14,249
14,246
14,243
14,241
14,238
14,235
14,233
14,230
14,227
14,224
14,222
14,219
14,216
14,214
14,211
14,208
14,205
14,203
14,200
14,196
14,194
14,191
14,188
14,185
14,183
14,180
14,177
14,175
14,172
14,169
14,166
14,164
14,161
14,158
14,156
14,153
14,150
14,148
14,145
14,142
14,139
14,137
14,134
14,131
14,129
14,126
14,123
14,120
14,118
14,115
14,112
14,110
14,107
14,104
14,101
14,99
14,96
14,93
14,91
14,88
14,85
14,83
14,80
14,77
14,74
14,72
14,69
14,65
14,40
14,37
14,34
14,31
14,29
14,26
14,23
14,21
14,18
14,15
14,12
14,10
14,7
14,4
13,4
13,1
12,9
0,275
0,344
0,274
0,400
0,273
0,272
0,332
0,271
0,393
0,270
0,410
0,269
0,315
0,268
0,301
0,267
0,362
0,266
0,368
0,265
0,394
0,264
0,334
0,263
0,414
0,262
0,261
0,392
0,260
0,317
0,259
0,375
0,258
0,397
0,257
0,312
0,256
0,347
0,255
0,345
0,254
0,309
0,253
0,432
0,252
0,326
0,251
0,417
0,250
0,316
0,249
0,352
0,248
0,441
0,247
0,426
0,246
0,369
0,245
0,391
0,244
0,411
0,242
0,396
0,241
0,413
0,240
0,407
0,239
0,446
0,238
0,342
0,237
0,405
0,236
0,401
0,235
0,390
0,234
0,324
0,233
0,389
0,232
0,311
0,231
0,323
0,230
0,423
0,229
0,387
0,228
0,437
0,227
0,431
0,226
0,383
0,225
0,399
0,224
0,395
0,223
0,372
0,222
0,421
0,221
0,354
0,220
0,353
0,219
0,351
0,218
0,376
0,217
0,436
0,216
0,340
0,215
0,381
0,214
0,350
0,213
0,348
0,212
0,211
0,349
0,210
0,430
0,209
0,434
0,208
0,207
0,373
0,206
0,357
0,205
0,325
0,204
0,366
0,203
0,343
0,202
0,338
0,201
0,337
0,200
0,346
0,199
0,335
0,198
0,402
0,197
0,428
0,196
0,358
0,195
0,433
0,194
0,378
0,193
0,359
0,192
0,321
0,63
0,384
0,62
0,306
0,61
0,422
0,60
0,374
0,59
0,314
0,58
0,424
0,57
0,420
0,56
0,427
0,55
0,364
0,54
0,333
0,53
0,416
0,52
0,385
0,51
0,371
0,50
0,418
0,49
0,356
0,48
0,380
0,47
0,404
0,46
0,406
0,45
0,360
0,6
0,5
0,1
0,11
0,4
0,2
0,3
0,7
